20
144 403420455286144733012394352796117676232438993658729712221550931250841303194844906324788136156913626810108948602023083594977223986502041169240216642530162552975968233385427485675131472718018964836808453936722129133940950121976774689537233792725857619706585846714131638551181612253217
159 34547389644611849324902048638970235
203 687737220877470653784446097316072785470
197 99549789825776366897151574826765450
220 857671336285619706286505259778502070
119 63155576629807163707985640922769106772917396795739548570858093440561312802733843811003
157 36138325509814056284116360672
134 2406258858721918774208848120315517208323779940599828715494389738665554681038314446893101871003518703575496336511449627393919132748479928913340144555418397315103310973766058610954180421686012930554663239422912710632257959476189261669997676809989671567278292632886370402049069985046878555076392720791616383499884307075233764956906527854413716114792441649375534077153257152101247222135886802040538230547674927916381416649052144975585897241738727151911864406075
163 830372735507449871809731465
36 47535259024547208982019240866549128223533497184879808355855834278389362293644101374873794784103627966059977206730315221676055275048105254086231825161183825398378241999021760601119976227358281353338615988290370298568412785903703509442264
111 2636907296373399885646047517304031318176238406483770114869777782538642745151012568233889125626174631927487710326357830166987670817345199561837513121049890870755907
204 335498212
180 71135853797525154801574664429928955385969111492458546393108368
90 4657792635807324354837720297526378517183982130663318441767993667273162151581154568833078842147657012720840483968446450279932334516
2
101
190 1486139411639384409848749958784650368455059410476755670372360119439112197939878529158062954308851
30
1234321
56 070999427563706517458243835585840290099051637074025394195594348586510834073090163948736588183957349602833959886681418618106557443908727133367714791349473784783516431847035942668366755350157283760764531248617211483790180304621672055750617302943116131142903069883759519683748609377968256054437899455604836182222294525031294343713833201869042441444846948174771572377238024369781
65 1876770264484195462373867075504289953849589913192143959493706119994453644071550093082492880383797477491586448128262806265749453109591037917448951185219315245647751499988944695031480940961675592872609377955465767010356210472779712879459920877915616417323912577285316301998836348539369087459603916941305730245213
167 7097501306639266460334251854124701398441264526401775944932032561851537066954595173614023494661949988333225311
